{
  "k_star": 5,
  "best_silhouette": 0.6490059494972229,
  "cluster_labels": [
    0,
    0,
    0,
    0,
    0,
    0,
    0,
    0,
    0,
    2,
    2,
    2,
    2,
    3,
    3,
    3,
    1,
    1,
    4,
    4
  ],
  "slot_norms": [
    4.80828857421875,
    4.808662414550781,
    4.808505535125732,
    4.786904811859131,
    4.768388271331787,
    4.805517196655273,
    4.959018230438232,
    5.048969268798828,
    5.079991340637207,
    4.183270454406738,
    4.488807678222656,
    4.577180862426758,
    4.707498550415039,
    4.877052307128906,
    5.173337459564209,
    5.472936153411865,
    5.0574049949646,
    5.05607795715332,
    5.344666004180908,
    5.481961727142334
  ],
  "cosine_similarity": [
    [
      0.9999999403953552,
      0.9996922016143799,
      0.9989231824874878,
      0.9997047781944275,
      0.994903564453125,
      0.9720039367675781,
      0.9384545087814331,
      0.9012205600738525,
      0.8917344212532043,
      0.8039548993110657,
      0.7832860350608826,
      0.6824994683265686,
      0.5600332617759705,
      0.43385452032089233,
      0.27787691354751587,
      0.13764072954654694,
      -0.24531881511211395,
      -0.21070511639118195,
      -0.33666518330574036,
      -0.2759210467338562
    ],
    [
      0.9996922016143799,
      0.9999998807907104,
      0.99976646900177,
      0.9988888502120972,
      0.9922024011611938,
      0.9659290313720703,
      0.9296364784240723,
      0.8903045058250427,
      0.8803834915161133,
      0.8133754134178162,
      0.7961165904998779,
      0.6971145868301392,
      0.5751367211341858,
      0.44796881079673767,
      0.2898358404636383,
      0.14688579738140106,
      -0.23829086124897003,
      -0.20259907841682434,
      -0.3368655741214752,
      -0.2796103060245514
    ],
    [
      0.9989231824874878,
      0.99976646900177,
      1.0000001192092896,
      0.9976876378059387,
      0.9893765449523926,
      0.9601806998252869,
      0.9214759469032288,
      0.880321741104126,
      0.8700190782546997,
      0.8214842081069946,
      0.8071115016937256,
      0.7097353339195251,
      0.5882651209831238,
      0.4603169858455658,
      0.3003966510295868,
      0.15516477823257446,
      -0.23203441500663757,
      -0.19542533159255981,
      -0.3367311656475067,
      -0.28245624899864197
    ],
    [
      0.9997047781944275,
      0.9988888502120972,
      0.9976876378059387,
      1.0000001192092896,
      0.9969675540924072,
      0.9768778085708618,
      0.9448663592338562,
      0.9091102480888367,
      0.8998473882675171,
      0.8009182214736938,
      0.7758948802947998,
      0.6739620566368103,
      0.551381528377533,
      0.42626625299453735,
      0.27222955226898193,
      0.1344226747751236,
      -0.2511332333087921,
      -0.21750368177890778,
      -0.33429160714149475,
      -0.2692088186740875
    ],
    [
      0.994903564453125,
      0.9922024011611938,
      0.9893765449523926,
      0.9969675540924072,
      0.9999999403953552,
      0.9904113411903381,
      0.9660948514938354,
      0.9366728663444519,
      0.9286293387413025,
      0.7738020420074463,
      0.7365556955337524,
      0.6300761699676514,
      0.5069752335548401,
      0.3858269453048706,
      0.23937268555164337,
      0.11081992834806442,
      -0.27052947878837585,
      -0.24049443006515503,
      -0.3286783993244171,
      -0.251608669757843
    ],
    [
      0.9720039367675781,
      0.9659290313720703,
      0.9601806998252869,
      0.9768778085708618,
      0.9904113411903381,
      1.0,
      0.9915988445281982,
      0.9747646450996399,
      0.9693671464920044,
      0.7025952935218811,
      0.6470820903778076,
      0.5333203077316284,
      0.41055232286453247,
      0.29791274666786194,
      0.16709311306476593,
      0.05690658092498779,
      -0.2973463237285614,
      -0.27410557866096497,
      -0.31527063250541687,
      -0.2215871661901474
    ],
    [
      0.9384545087814331,
      0.9296364784240723,
      0.9214759469032288,
      0.9448663592338562,
      0.9660948514938354,
      0.9915988445281982,
      1.0000001192092896,
      0.9952461123466492,
      0.9927902221679688,
      0.61038738489151,
      0.5470162034034729,
      0.427966445684433,
      0.30679434537887573,
      0.20266695320606232,
      0.08703961223363876,
      -0.006304099690169096,
      -0.31263136863708496,
      -0.29511338472366333,
      -0.30595844984054565,
      -0.20642045140266418
    ],
    [
      0.9012205600738525,
      0.8903045058250427,
      0.880321741104126,
      0.9091102480888367,
      0.9366728663444519,
      0.9747646450996399,
      0.9952461123466492,
      1.0,
      0.9997282028198242,
      0.5393688082695007,
      0.467483252286911,
      0.34595662355422974,
      0.22778481245040894,
      0.13199087977409363,
      0.030076906085014343,
      -0.04828131943941116,
      -0.3091030716896057,
      -0.296604722738266,
      -0.28136447072029114,
      -0.17761662602424622
    ],
    [
      0.8917344212532043,
      0.8803834915161133,
      0.8700190782546997,
      0.8998473882675171,
      0.9286293387413025,
      0.9693671464920044,
      0.9927902221679688,
      0.9997282028198242,
      0.9999997615814209,
      0.5208556056022644,
      0.4479520320892334,
      0.3260430693626404,
      0.20873217284679413,
      0.11494377255439758,
      0.01625542715191841,
      -0.058706749230623245,
      -0.30736303329467773,
      -0.2959348261356354,
      -0.27599161863327026,
      -0.17219947278499603
    ],
    [
      0.8039548993110657,
      0.8133754134178162,
      0.8214842081069946,
      0.8009182214736938,
      0.7738020420074463,
      0.7025952935218811,
      0.61038738489151,
      0.5393688082695007,
      0.5208556056022644,
      0.9999999403953552,
      0.9814940690994263,
      0.9602127075195312,
      0.9079715609550476,
      0.8272989988327026,
      0.6986344456672668,
      0.5629985928535461,
      -0.05656382814049721,
      -0.013544101268053055,
      -0.13894258439540863,
      -0.08445104956626892
    ],
    [
      0.7832860350608826,
      0.7961165904998779,
      0.8071115016937256,
      0.7758948802947998,
      0.7365556955337524,
      0.6470820903778076,
      0.5470162034034729,
      0.467483252286911,
      0.4479520320892334,
      0.9814940690994263,
      0.9999998807907104,
      0.9849851131439209,
      0.9308228492736816,
      0.8398844599723816,
      0.6957135796546936,
      0.5424979329109192,
      -0.022351620718836784,
      0.027544373646378517,
      -0.175704687833786,
      -0.15882094204425812
    ],
    [
      0.6824994683265686,
      0.6971145868301392,
      0.7097353339195251,
      0.6739620566368103,
      0.6300761699676514,
      0.5333203077316284,
      0.427966445684433,
      0.34595662355422974,
      0.3260430693626404,
      0.9602127075195312,
      0.9849851131439209,
      0.9999998807907104,
      0.9790294170379639,
      0.9164555072784424,
      0.7983354926109314,
      0.6607954502105713,
      0.04184834286570549,
      0.09216538816690445,
      -0.10323849320411682,
      -0.09302693605422974
    ],
    [
      0.5600332617759705,
      0.5751367211341858,
      0.5882651209831238,
      0.551381528377533,
      0.5069752335548401,
      0.41055232286453247,
      0.30679434537887573,
      0.22778481245040894,
      0.20873217284679413,
      0.9079715609550476,
      0.9308228492736816,
      0.9790294170379639,
      0.9999998807907104,
      0.9781308770179749,
      0.9015384912490845,
      0.7934896945953369,
      0.11057115346193314,
      0.1582627147436142,
      1.7801397916628048e-05,
      0.012032213620841503
    ],
    [
      0.43385452032089233,
      0.44796881079673767,
      0.4603169858455658,
      0.42626625299453735,
      0.3858269453048706,
      0.29791274666786194,
      0.20266695320606232,
      0.13199087977409363,
      0.11494377255439758,
      0.8272989988327026,
      0.8398844599723816,
      0.9164555072784424,
      0.9781308770179749,
      0.9999998807907104,
      0.97162926197052,
      0.9015001058578491,
      0.16982820630073547,
      0.21180585026741028,
      0.11432211846113205,
      0.13610491156578064
    ],
    [
      0.27787691354751587,
      0.2898358404636383,
      0.3003966510295868,
      0.27222955226898193,
      0.23937268555164337,
      0.16709311306476593,
      0.08703961223363876,
      0.030076906085014343,
      0.01625542715191841,
      0.6986344456672668,
      0.6957135796546936,
      0.7983354926109314,
      0.9015384912490845,
      0.97162926197052,
      1.0000001192092896,
      0.9779365062713623,
      0.22942359745502472,
      0.26223060488700867,
      0.24668242037296295,
      0.28200796246528625
    ],
    [
      0.13764072954654694,
      0.14688579738140106,
      0.15516477823257446,
      0.1344226747751236,
      0.11081992834806442,
      0.05690658092498779,
      -0.006304099690169096,
      -0.04828131943941116,
      -0.058706749230623245,
      0.5629985928535461,
      0.5424979329109192,
      0.6607954502105713,
      0.7934896945953369,
      0.9015001058578491,
      0.9779365062713623,
      0.9999998807907104,
      0.2745906412601471,
      0.2972191870212555,
      0.3637368977069855,
      0.4137049615383148
    ],
    [
      -0.24531881511211395,
      -0.23829086124897003,
      -0.23203441500663757,
      -0.2511332333087921,
      -0.27052947878837585,
      -0.2973463237285614,
      -0.31263136863708496,
      -0.3091030716896057,
      -0.30736303329467773,
      -0.05656382814049721,
      -0.022351620718836784,
      0.04184834286570549,
      0.11057115346193314,
      0.16982820630073547,
      0.22942359745502472,
      0.2745906412601471,
      0.9999998211860657,
      0.9980571866035461,
      0.8464633226394653,
      0.6783199310302734
    ],
    [
      -0.21070511639118195,
      -0.20259907841682434,
      -0.19542533159255981,
      -0.21750368177890778,
      -0.24049443006515503,
      -0.27410557866096497,
      -0.29511338472366333,
      -0.296604722738266,
      -0.2959348261356354,
      -0.013544101268053055,
      0.027544373646378517,
      0.09216538816690445,
      0.1582627147436142,
      0.21180585026741028,
      0.26223060488700867,
      0.2972191870212555,
      0.9980571866035461,
      1.0000001192092896,
      0.8239871859550476,
      0.6510250568389893
    ],
    [
      -0.33666518330574036,
      -0.3368655741214752,
      -0.3367311656475067,
      -0.33429160714149475,
      -0.3286783993244171,
      -0.31527063250541687,
      -0.30595844984054565,
      -0.28136447072029114,
      -0.27599161863327026,
      -0.13894258439540863,
      -0.175704687833786,
      -0.10323849320411682,
      1.7801397916628048e-05,
      0.11432211846113205,
      0.24668242037296295,
      0.3637368977069855,
      0.8464633226394653,
      0.8239871859550476,
      1.0,
      0.9620981812477112
    ],
    [
      -0.2759210467338562,
      -0.2796103060245514,
      -0.28245624899864197,
      -0.2692088186740875,
      -0.251608669757843,
      -0.2215871661901474,
      -0.20642045140266418,
      -0.17761662602424622,
      -0.17219947278499603,
      -0.08445104956626892,
      -0.15882094204425812,
      -0.09302693605422974,
      0.012032213620841503,
      0.13610491156578064,
      0.28200796246528625,
      0.4137049615383148,
      0.6783199310302734,
      0.6510250568389893,
      0.9620981812477112,
      1.0000001192092896
    ]
  ],
  "relation_matrix_init": [
    [
      0.6280563629017257,
      0.06823565256099258,
      0.150750706430859,
      0.08889537931369304,
      0.06406189879272971
    ],
    [
      0.5939728136015415,
      0.07382427193617361,
      0.16647905939025753,
      0.09668091958233756,
      0.06904293548968987
    ],
    [
      0.566489760029153,
      0.0781758828392895,
      0.17959801601161388,
      0.1028633644627355,
      0.07287297665720832
    ],
    [
      0.656125090601356,
      0.06328782498316181,
      0.13857902535765396,
      0.08233995932560502,
      0.05966809973222308
    ],
    [
      0.7791896771096806,
      0.041557957752656055,
      0.08621743396474181,
      0.053343576274305346,
      0.0396913548986162
    ],
    [
      1.0,
      0.0,
      0.0,
      0.0,
      0.0
    ],
    [
      0.6535395995332826,
      0.07130751980566677,
      0.11958969830695246,
      0.08515643038967832,
      0.07040675196441995
    ],
    [
      0.5585155547662418,
      0.0935961033450039,
      0.14607119457429,
      0.10839445044825928,
      0.09342269686620507
    ],
    [
      0.5409637646249846,
      0.098001667765549,
      0.15038881385471672,
      0.11263977631917962,
      0.09800597743556991
    ],
    [
      0.1548446059586226,
      0.07869370031855413,
      0.5500456965396137,
      0.14309359448995887,
      0.07332240269325087
    ],
    [
      0.11338420831004656,
      0.06262182457815839,
      0.6555337393096349,
      0.11247403637194094,
      0.05598619143021934
    ],
    [
      0.06269282643312324,
      0.04149221336380672,
      0.7704389206075825,
      0.08837180641013369,
      0.03700423318535382
    ],
    [
      0.10855115408361453,
      0.08457373417900914,
      0.48277759393696135,
      0.24768238325429123,
      0.07641513454612378
    ],
    [
      0.09875054410616406,
      0.08762378439380125,
      0.2699692471512954,
      0.4619538211944574,
      0.08170260315428181
    ],
    [
      0.0,
      0.0,
      0.0,
      1.0,
      0.0
    ],
    [
      0.09154426949291487,
      0.10190412585149848,
      0.1518984707826688,
      0.5471514668435302,
      0.10750166702938768
    ],
    [
      0.0,
      1.0,
      0.0,
      0.0,
      0.0
    ],
    [
      0.0,
      1.0,
      0.0,
      0.0,
      0.0
    ],
    [
      0.05819248998172536,
      0.16014389589806413,
      0.0658631318448795,
      0.07503759688795249,
      0.6407628853873785
    ],
    [
      0.062203705993734024,
      0.1163020316918112,
      0.06884817500999627,
      0.07970784687079348,
      0.6729382404336649
    ]
  ],
  "centroids": [
    [
      -0.03157608583569527,
      0.01645229011774063,
      -0.057746462523937225,
      0.027258476242423058,
      0.011079419404268265,
      0.0006653557065874338,
      0.07265294343233109,
      0.022081028670072556,
      0.07570204138755798,
      0.15488216280937195,
      -0.5193048119544983,
      0.011006372049450874,
      0.3923417031764984,
      0.4361908435821533,
      0.272479385137558,
      -0.5281413793563843,
      0.04843111336231232,
      -0.10335700213909149,
      -0.14988434314727783,
      -0.02698192000389099,
      -0.016502954065799713,
      0.009676329791545868,
      0.025860527530312538,
      0.3316563665866852,
      -0.25928670167922974,
      -0.03801292926073074,
      -0.15218862891197205,
      -0.24055428802967072,
      0.1454683095216751,
      1.2229852676391602,
      0.7989951372146606,
      1.5982725620269775,
      0.7914197444915771,
      0.052559368312358856,
      -0.03837726265192032,
      0.004987068474292755,
      -0.06606786698102951,
      -0.9451113939285278,
      0.025676295161247253,
      0.3211557865142822,
      0.01012403517961502,
      -0.07025476545095444,
      0.3567713797092438,
      -3.2889842987060547,
      -0.05426805466413498,
      -0.5545549988746643,
      0.23599013686180115,
      0.05091869831085205,
      0.03246017545461655,
      -0.06174378842115402,
      -1.8669588565826416,
      0.025493144989013672,
      -0.1615714728832245,
      0.20380884408950806,
      0.17107194662094116,
      0.0060992371290922165,
      0.11211250722408295,
      0.02415202558040619,
      0.07658273726701736,
      -0.29956817626953125,
      -0.009206745773553848,
      -0.0037349751219153404,
      -0.42192554473876953,
      -0.02191217616200447
    ],
    [
      0.13100777566432953,
      -0.054371461272239685,
      -0.3186640739440918,
      0.021631639450788498,
      0.30172809958457947,
      -0.0011010569287464023,
      0.04987107962369919,
      0.2052801549434662,
      0.37261319160461426,
      1.0703753232955933,
      0.6939337253570557,
      -0.023781735450029373,
      -0.4257661700248718,
      0.7034947872161865,
      0.6112660765647888,
      -1.1349431276321411,
      0.021790236234664917,
      -0.20555603504180908,
      0.08011722564697266,
      2.0740745067596436,
      -0.5666956305503845,
      -0.05150914937257767,
      0.037539295852184296,
      0.07251127064228058,
      0.10380668938159943,
      -0.013798769563436508,
      -0.5276538729667664,
      0.027115970849990845,
      -0.23081281781196594,
      0.07604455947875977,
      -1.6116094589233398,
      -1.195580005645752,
      -0.4558604955673218,
      0.05186454951763153,
      -0.041070371866226196,
      -0.2009369432926178,
      -0.27319666743278503,
      0.15961319208145142,
      -0.060587432235479355,
      0.2217721939086914,
      0.011166965588927269,
      0.6726498603820801,
      -1.6995599269866943,
      -0.08120584487915039,
      0.0020862892270088196,
      0.7121992111206055,
      -0.014879852533340454,
      0.257539838552475,
      -0.020860455930233,
      -0.5582482814788818,
      1.8466339111328125,
      0.0068912990391254425,
      -1.0054751634597778,
      -1.1064612865447998,
      0.6262810230255127,
      -0.11716915667057037,
      -0.4180664122104645,
      0.10978319495916367,
      0.17221996188163757,
      -0.1120290607213974,
      0.1205175593495369,
      0.01382385939359665,
      -1.076432704925537,
      -0.18253208696842194
    ],
    [
      -0.003022465156391263,
      0.0389336422085762,
      0.008086904883384705,
      -0.044650062918663025,
      -0.07632169127464294,
      0.00041690049692988396,
      0.04631967470049858,
      0.022789306938648224,
      0.6567931175231934,
      -0.09366141259670258,
      -0.9297429323196411,
      -0.010275520384311676,
      -0.19184601306915283,
      -0.008261263370513916,
      0.349239319562912,
      0.042299509048461914,
      0.0021449681371450424,
      0.0021167397499084473,
      -0.14001157879829407,
      0.1598367989063263,
      0.03355586528778076,
      -0.02430764026939869,
      0.01528083998709917,
      -0.12987777590751648,
      -0.09354516118764877,
      -0.015977036207914352,
      0.04762725532054901,
      -0.04941386729478836,
      -0.02948223426938057,
      0.8717237710952759,
      0.2554778456687927,
      0.43535101413726807,
      1.088569164276123,
      0.017879623919725418,
      0.056766435503959656,
      0.03324075788259506,
      0.011250577867031097,
      -2.2518270015716553,
      -0.011832434684038162,
      -0.013294920325279236,
      -0.011753339320421219,
      0.09664982557296753,
      0.12962061166763306,
      -2.804413318634033,
      0.01463349163532257,
      -0.24931785464286804,
      0.050421252846717834,
      0.01269565150141716,
      0.015868639573454857,
      -0.09026382863521576,
      1.199981689453125,
      0.038478732109069824,
      -0.02016282081604004,
      -0.43223851919174194,
      -0.06836101412773132,
      -0.07132183015346527,
      0.9018491506576538,
      0.09184876084327698,
      0.019784070551395416,
      0.08025571703910828,
      0.01705094613134861,
      0.015654100105166435,
      -0.48936179280281067,
      0.08288148790597916
    ],
    [
      -0.041989073157310486,
      0.021092120558023453,
      0.009346425533294678,
      -0.06994882971048355,
      -0.1440657377243042,
      0.001251646433956921,
      0.040609292685985565,
      -0.009419813752174377,
      0.5376157164573669,
      -0.12131468951702118,
      -0.8163412809371948,
      -0.06893668323755264,
      -0.22109326720237732,
      -0.12321051955223083,
      0.15608319640159607,
      -0.07220903038978577,
      0.026093006134033203,
      -0.006341256201267242,
      -0.301826536655426,
      0.038544267416000366,
      0.028733715415000916,
      -0.0474054180085659,
      -0.019265703856945038,
      -0.18918566405773163,
      -0.09809249639511108,
      -0.05706397444009781,
      0.002564936876296997,
      -0.0647072046995163,
      -0.005091264843940735,
      0.7720587253570557,
      0.20280908048152924,
      0.3014795482158661,
      0.8715276718139648,
      0.06706774234771729,
      0.00901186652481556,
      0.03419235721230507,
      -0.02628028392791748,
      -0.8147896528244019,
      -0.0026713074184954166,
      0.003537103533744812,
      -0.021945981308817863,
      -0.04367110878229141,
      -0.011663541197776794,
      -2.4965710639953613,
      -0.015615584328770638,
      -0.24472184479236603,
      0.04393903911113739,
      -0.006688222289085388,
      0.023751506581902504,
      -0.07529276609420776,
      3.897031784057617,
      -0.009825378656387329,
      -0.08338797092437744,
      -0.4417691230773926,
      -0.26451218128204346,
      -0.07728048413991928,
      0.7139273285865784,
      0.030739381909370422,
      -0.008032388985157013,
      0.02967017889022827,
      -0.0008401218801736832,
      -0.06818699091672897,
      -0.4485290050506592,
      0.026165345683693886
    ],
    [
      0.03486891835927963,
      -0.1253301203250885,
      -0.1855911910533905,
      0.1142691820859909,
      0.4427739679813385,
      0.0006884324830025434,
      0.053125280886888504,
      0.3013777434825897,
      0.8122179508209229,
      0.4004855751991272,
      0.5212656259536743,
      0.044308893382549286,
      -0.9973294734954834,
      0.3644426763057709,
      0.5542576909065247,
      -0.8830065727233887,
      0.04704231023788452,
      -0.32051217555999756,
      -0.3705142140388489,
      0.9717749357223511,
      -0.3908618092536926,
      0.056438762694597244,
      -0.006291045807301998,
      -0.4920092225074768,
      -0.15559960901737213,
      0.0037483088672161102,
      -0.2918568253517151,
      -0.014295496046543121,
      -0.8048977851867676,
      0.24502325057983398,
      -0.4709351658821106,
      -1.3531482219696045,
      0.06231582164764404,
      0.039299216121435165,
      -0.16012278199195862,
      0.4826412796974182,
      -5.665421485900879e-05,
      2.7100818157196045,
      -0.04525250568985939,
      0.30224716663360596,
      0.14759540557861328,
      0.32093679904937744,
      -2.110161066055298,
      -0.4140486717224121,
      -0.11154818534851074,
      0.46000322699546814,
      0.09167872369289398,
      0.17237013578414917,
      -0.074705109000206,
      -0.29035139083862305,
      2.051100969314575,
      -0.05991747975349426,
      -0.7331640720367432,
      -0.8236799240112305,
      0.4115217924118042,
      0.09440476447343826,
      -0.5412657260894775,
      0.12363405525684357,
      0.21033123135566711,
      -0.5205821990966797,
      0.08691471070051193,
      0.07573771476745605,
      -1.247572422027588,
      -0.1744355857372284
    ]
  ],
  "cluster_info": {
    "Prototype_0": {
      "members": [
        2,
        3,
        4,
        5,
        6,
        7,
        8,
        9,
        10
      ],
      "count": 9,
      "avg_norm": 4.874916076660156,
      "centroid_norm": 4.779191017150879
    },
    "Prototype_1": {
      "members": [
        18,
        19
      ],
      "count": 2,
      "avg_norm": 5.056741714477539,
      "centroid_norm": 5.054285049438477
    },
    "Prototype_2": {
      "members": [
        11,
        12,
        13,
        14
      ],
      "count": 4,
      "avg_norm": 4.489189147949219,
      "centroid_norm": 4.416995525360107
    },
    "Prototype_3": {
      "members": [
        15,
        16,
        17
      ],
      "count": 3,
      "avg_norm": 5.174442291259766,
      "centroid_norm": 5.08848762512207
    },
    "Prototype_4": {
      "members": [
        20,
        21
      ],
      "count": 2,
      "avg_norm": 5.413313865661621,
      "centroid_norm": 5.361783027648926
    }
  },
  "inertias": {
    "2": 136.29676818847656,
    "3": 45.268714904785156,
    "4": 28.444110870361328,
    "5": 15.148275375366211,
    "6": 7.987745761871338,
    "7": 4.659604549407959,
    "8": 3.539686679840088,
    "9": 2.7732443809509277,
    "10": 2.0549843311309814
  },
  "silhouettes": {
    "2": 0.4831291735172272,
    "3": 0.6349111795425415,
    "4": 0.6135400533676147,
    "5": 0.6490059494972229,
    "6": 0.6330541372299194,
    "7": 0.6166084408760071,
    "8": 0.5569325685501099,
    "9": 0.4893816113471985,
    "10": 0.43722614645957947
  }
}