{
  "k_star": 6,
  "best_silhouette": 0.7146379947662354,
  "cluster_labels": [
    5,
    5,
    5,
    5,
    5,
    5,
    0,
    0,
    0,
    2,
    2,
    2,
    2,
    3,
    3,
    3,
    1,
    1,
    4,
    4
  ],
  "slot_norms": [
    5.662002086639404,
    5.699954509735107,
    5.680056095123291,
    5.673060417175293,
    5.686169624328613,
    5.6928887367248535,
    5.475520610809326,
    5.507781505584717,
    5.463902473449707,
    5.050622940063477,
    5.127182483673096,
    5.136050224304199,
    5.141289234161377,
    5.19732141494751,
    5.501826763153076,
    5.751188278198242,
    5.687721252441406,
    5.756723403930664,
    5.726110935211182,
    5.738769054412842
  ],
  "cosine_similarity": [
    [
      0.9999998211860657,
      0.9981203079223633,
      0.997692883014679,
      0.9993299841880798,
      0.9937244653701782,
      0.9952223896980286,
      0.9597108960151672,
      0.9540219902992249,
      0.9445012807846069,
      0.7973873019218445,
      0.8406386375427246,
      0.7532486915588379,
      0.653751790523529,
      0.52287358045578,
      0.3642627000808716,
      0.23173479735851288,
      -0.34214651584625244,
      -0.3260563015937805,
      -0.39209842681884766,
      -0.3431256413459778
    ],
    [
      0.9981203079223633,
      0.9999998807907104,
      0.9997995495796204,
      0.9983830451965332,
      0.9917652010917664,
      0.9986890554428101,
      0.9429333209991455,
      0.9376785159111023,
      0.9252990484237671,
      0.8029565811157227,
      0.842646598815918,
      0.7582358717918396,
      0.6596534252166748,
      0.5205787420272827,
      0.36100685596466064,
      0.22581158578395844,
      -0.3671862781047821,
      -0.3507097363471985,
      -0.4269574284553528,
      -0.3805171251296997
    ],
    [
      0.997692883014679,
      0.9997995495796204,
      0.9999999403953552,
      0.9983431696891785,
      0.9921702146530151,
      0.9985522031784058,
      0.9430119395256042,
      0.9378175139427185,
      0.925227165222168,
      0.8109899163246155,
      0.8492048978805542,
      0.7664941549301147,
      0.6674879193305969,
      0.5267670750617981,
      0.36553385853767395,
      0.2290543019771576,
      -0.3690512180328369,
      -0.3531566858291626,
      -0.4273405373096466,
      -0.3803880512714386
    ],
    [
      0.9993299841880798,
      0.9983830451965332,
      0.9983431696891785,
      0.9999998807907104,
      0.9967130422592163,
      0.99460369348526,
      0.9595776796340942,
      0.9554339647293091,
      0.9444659352302551,
      0.7949440479278564,
      0.8358920812606812,
      0.7497321963310242,
      0.6474201679229736,
      0.5103163123130798,
      0.34963762760162354,
      0.2160457968711853,
      -0.3574608266353607,
      -0.34321433305740356,
      -0.3968639373779297,
      -0.3441869914531708
    ],
    [
      0.9937244653701782,
      0.9917652010917664,
      0.9921702146530151,
      0.9967130422592163,
      1.000000238418579,
      0.9843218922615051,
      0.9683711528778076,
      0.9679180979728699,
      0.9559296369552612,
      0.773007333278656,
      0.8118855953216553,
      0.725793182849884,
      0.6168174147605896,
      0.47290095686912537,
      0.31027528643608093,
      0.17805886268615723,
      -0.37126046419143677,
      -0.3618549406528473,
      -0.3745642602443695,
      -0.31047356128692627
    ],
    [
      0.9952223896980286,
      0.9986890554428101,
      0.9985522031784058,
      0.99460369348526,
      0.9843218922615051,
      1.0000001192092896,
      0.9293420910835266,
      0.922206699848175,
      0.9097497463226318,
      0.8184227347373962,
      0.8571449518203735,
      0.7752435803413391,
      0.6813544034957886,
      0.5441167950630188,
      0.3851693570613861,
      0.24815136194229126,
      -0.3621903955936432,
      -0.34341737627983093,
      -0.44255539774894714,
      -0.4030497670173645
    ],
    [
      0.9597108960151672,
      0.9429333209991455,
      0.9430119395256042,
      0.9595776796340942,
      0.9683711528778076,
      0.9293420910835266,
      0.9999998807907104,
      0.9986921548843384,
      0.9986270666122437,
      0.732228696346283,
      0.7807291746139526,
      0.6900925636291504,
      0.5825229287147522,
      0.4750223755836487,
      0.3211996555328369,
      0.2032795399427414,
      -0.2485845386981964,
      -0.24342212080955505,
      -0.19834934175014496,
      -0.12320699542760849
    ],
    [
      0.9540219902992249,
      0.9376785159111023,
      0.9378175139427185,
      0.9554339647293091,
      0.9679180979728699,
      0.922206699848175,
      0.9986921548843384,
      1.0,
      0.9984871745109558,
      0.71200031042099,
      0.7590438723564148,
      0.6682392954826355,
      0.5570257306098938,
      0.44351258873939514,
      0.2893196940422058,
      0.17228469252586365,
      -0.2644902169704437,
      -0.26203614473342896,
      -0.19336582720279694,
      -0.11166665703058243
    ],
    [
      0.9445012807846069,
      0.9252990484237671,
      0.925227165222168,
      0.9444659352302551,
      0.9559296369552612,
      0.9097497463226318,
      0.9986270666122437,
      0.9984871745109558,
      1.0000003576278687,
      0.7069923281669617,
      0.7565825581550598,
      0.6651317477226257,
      0.5570525527000427,
      0.45489922165870667,
      0.3044004738330841,
      0.1909739077091217,
      -0.22719120979309082,
      -0.2240910828113556,
      -0.157857745885849,
      -0.0785050243139267
    ],
    [
      0.7973873019218445,
      0.8029565811157227,
      0.8109899163246155,
      0.7949440479278564,
      0.773007333278656,
      0.8184227347373962,
      0.732228696346283,
      0.71200031042099,
      0.7069923281669617,
      1.000000238418579,
      0.9931417107582092,
      0.9961002469062805,
      0.9646053314208984,
      0.8730072975158691,
      0.7380022406578064,
      0.6053156852722168,
      -0.17642249166965485,
      -0.160806804895401,
      -0.3442020118236542,
      -0.3425103724002838
    ],
    [
      0.8406386375427246,
      0.842646598815918,
      0.8492048978805542,
      0.8358920812606812,
      0.8118855953216553,
      0.8571449518203735,
      0.7807291746139526,
      0.7590438723564148,
      0.7565825581550598,
      0.9931417107582092,
      0.9999998807907104,
      0.9845881462097168,
      0.9429238438606262,
      0.8530492782592773,
      0.7104131579399109,
      0.5747238993644714,
      -0.18457861244678497,
      -0.16516737639904022,
      -0.34925463795661926,
      -0.34530848264694214
    ],
    [
      0.7532486915588379,
      0.7582358717918396,
      0.7664941549301147,
      0.7497321963310242,
      0.725793182849884,
      0.7752435803413391,
      0.6900925636291504,
      0.6682392954826355,
      0.6651317477226257,
      0.9961002469062805,
      0.9845881462097168,
      1.000000238418579,
      0.9821760058403015,
      0.9061928987503052,
      0.7849603891372681,
      0.6604712009429932,
      -0.12744329869747162,
      -0.1117599830031395,
      -0.31093934178352356,
      -0.3166687786579132
    ],
    [
      0.653751790523529,
      0.6596534252166748,
      0.6674879193305969,
      0.6474201679229736,
      0.6168174147605896,
      0.6813544034957886,
      0.5825229287147522,
      0.5570257306098938,
      0.5570525527000427,
      0.9646053314208984,
      0.9429238438606262,
      0.9821760058403015,
      1.0000001192092896,
      0.9626654386520386,
      0.8790649771690369,
      0.7768250703811646,
      -0.010935574769973755,
      0.007003441918641329,
      -0.24949239194393158,
      -0.27795854210853577
    ],
    [
      0.52287358045578,
      0.5205787420272827,
      0.5267670750617981,
      0.5103163123130798,
      0.47290095686912537,
      0.5441167950630188,
      0.4750223755836487,
      0.44351258873939514,
      0.45489922165870667,
      0.8730072975158691,
      0.8530492782592773,
      0.9061928987503052,
      0.9626654386520386,
      1.0000001192092896,
      0.9701533317565918,
      0.908484697341919,
      0.21426400542259216,
      0.23605094850063324,
      -0.0796159878373146,
      -0.13500674068927765
    ],
    [
      0.3642627000808716,
      0.36100685596466064,
      0.36553385853767395,
      0.34963762760162354,
      0.31027528643608093,
      0.3851693570613861,
      0.3211996555328369,
      0.2893196940422058,
      0.3044004738330841,
      0.7380022406578064,
      0.7104131579399109,
      0.7849603891372681,
      0.8790649771690369,
      0.9701533317565918,
      1.0,
      0.9820678234100342,
      0.3722098469734192,
      0.393564909696579,
      0.03925211355090141,
      -0.036899544298648834
    ],
    [
      0.23173479735851288,
      0.22581158578395844,
      0.2290543019771576,
      0.2160457968711853,
      0.17805886268615723,
      0.24815136194229126,
      0.2032795399427414,
      0.17228469252586365,
      0.1909739077091217,
      0.6053156852722168,
      0.5747238993644714,
      0.6604712009429932,
      0.7768250703811646,
      0.908484697341919,
      0.9820678234100342,
      1.0,
      0.4913402199745178,
      0.5107077360153198,
      0.1491304486989975,
      0.06234656646847725
    ],
    [
      -0.34214651584625244,
      -0.3671862781047821,
      -0.3690512180328369,
      -0.3574608266353607,
      -0.37126046419143677,
      -0.3621903955936432,
      -0.2485845386981964,
      -0.2644902169704437,
      -0.22719120979309082,
      -0.17642249166965485,
      -0.18457861244678497,
      -0.12744329869747162,
      -0.010935574769973755,
      0.21426400542259216,
      0.3722098469734192,
      0.4913402199745178,
      1.0,
      0.9976375102996826,
      0.8534561991691589,
      0.751427173614502
    ],
    [
      -0.3260563015937805,
      -0.3507097363471985,
      -0.3531566858291626,
      -0.34321433305740356,
      -0.3618549406528473,
      -0.34341737627983093,
      -0.24342212080955505,
      -0.26203614473342896,
      -0.2240910828113556,
      -0.160806804895401,
      -0.16516737639904022,
      -0.1117599830031395,
      0.007003441918641329,
      0.23605094850063324,
      0.393564909696579,
      0.5107077360153198,
      0.9976375102996826,
      1.0000001192092896,
      0.8232988715171814,
      0.7141290903091431
    ],
    [
      -0.39209842681884766,
      -0.4269574284553528,
      -0.4273405373096466,
      -0.3968639373779297,
      -0.3745642602443695,
      -0.44255539774894714,
      -0.19834934175014496,
      -0.19336582720279694,
      -0.157857745885849,
      -0.3442020118236542,
      -0.34925463795661926,
      -0.31093934178352356,
      -0.24949239194393158,
      -0.0796159878373146,
      0.03925211355090141,
      0.1491304486989975,
      0.8534561991691589,
      0.8232988715171814,
      1.0000001192092896,
      0.9831236600875854
    ],
    [
      -0.3431256413459778,
      -0.3805171251296997,
      -0.3803880512714386,
      -0.3441869914531708,
      -0.31047356128692627,
      -0.4030497670173645,
      -0.12320699542760849,
      -0.11166665703058243,
      -0.0785050243139267,
      -0.3425103724002838,
      -0.34530848264694214,
      -0.3166687786579132,
      -0.27795854210853577,
      -0.13500674068927765,
      -0.036899544298648834,
      0.06234656646847725,
      0.751427173614502,
      0.7141290903091431,
      0.9831236600875854,
      0.9999998807907104
    ]
  ],
  "relation_matrix": [
    [
      0.10907353285444493,
      0.020110613123082925,
      0.05052332991529818,
      0.030187458758518776,
      0.019871304548816412,
      0.7702337607998389
    ],
    [
      0.0,
      0.0,
      0.0,
      0.0,
      0.0,
      1.0
    ],
    [
      0.0,
      0.0,
      0.0,
      0.0,
      0.0,
      1.0
    ],
    [
      0.0,
      0.0,
      0.0,
      0.0,
      0.0,
      1.0
    ],
    [
      0.2205088319269076,
      0.03510334334546514,
      0.08409908356853983,
      0.0511858494900568,
      0.03543305420736098,
      0.5736698374616697
    ],
    [
      0.13324529100925783,
      0.031687492101794404,
      0.0840140036048716,
      0.048657968502128834,
      0.03090952609604253,
      0.6714857186859049
    ],
    [
      1.0,
      0.0,
      0.0,
      0.0,
      0.0,
      0.0
    ],
    [
      1.0,
      0.0,
      0.0,
      0.0,
      0.0,
      0.0
    ],
    [
      1.0,
      0.0,
      0.0,
      0.0,
      0.0,
      0.0
    ],
    [
      0.07021128881856138,
      0.03388323160655797,
      0.7082208071409636,
      0.07469820327751062,
      0.03163206374905002,
      0.08135440540735625
    ],
    [
      0.11537638462884969,
      0.05053317272198331,
      0.5443399206469438,
      0.10640163505469084,
      0.047227199586084595,
      0.1361216873614476
    ],
    [
      0.0,
      0.0,
      1.0,
      0.0,
      0.0,
      0.0
    ],
    [
      0.09792119658552531,
      0.06307138296298007,
      0.48535759163158526,
      0.18986437247361365,
      0.056223555519927686,
      0.10756190082636813
    ],
    [
      0.09512231020839725,
      0.07775773039174003,
      0.23822187782146675,
      0.4249593307357832,
      0.06514587479713588,
      0.09879287604547693
    ],
    [
      0.0,
      0.0,
      0.0,
      1.0,
      0.0,
      0.0
    ],
    [
      0.0837876962689001,
      0.10468096568418862,
      0.1331447511854153,
      0.5159952768170141,
      0.07825690528628236,
      0.08413440475819949
    ],
    [
      0.0,
      1.0,
      0.0,
      0.0,
      0.0,
      0.0
    ],
    [
      0.0,
      1.0,
      0.0,
      0.0,
      0.0,
      0.0
    ],
    [
      0.04342931371663322,
      0.11522130875133714,
      0.04271140661917764,
      0.04857300822048748,
      0.710956739262138,
      0.039108223430226526
    ],
    [
      0.04607975961530763,
      0.09180376792269215,
      0.04366300199893518,
      0.047969131510858985,
      0.7296639630185197,
      0.040820375933686565
    ]
  ],
  "centroids": [
    [
      0.028134582564234734,
      -0.10420127213001251,
      2.481172561645508,
      -0.22127507627010345,
      -0.0467049703001976,
      0.08346530050039291,
      -0.08160828053951263,
      -0.07698123902082443,
      0.011645648628473282,
      -0.07896819710731506,
      -0.3084476888179779,
      -0.015491175465285778,
      -0.28707772493362427,
      0.08033280819654465,
      -0.9257626533508301,
      0.30071789026260376,
      -0.0502157136797905,
      -0.1562858521938324,
      -0.08823548257350922,
      0.42441484332084656,
      -0.11676761507987976,
      -0.1068282276391983,
      -0.08414154499769211,
      0.031025104224681854,
      0.9122647047042847,
      0.38104695081710815,
      0.8841553926467896,
      1.0658000707626343,
      -3.6124558448791504,
      0.5325325727462769,
      0.06039515510201454,
      0.08927595615386963,
      0.22528968751430511,
      -0.2908816635608673,
      0.016846293583512306,
      -0.2697181701660156,
      -0.1432625651359558,
      0.05625629425048828,
      -1.0704548358917236,
      -0.028370730578899384,
      -0.249741792678833,
      -0.37577542662620544,
      0.08425573259592056,
      0.11224445700645447,
      -0.11521469056606293,
      0.3025723099708557,
      -0.10810697078704834,
      -0.19474899768829346,
      0.7135627865791321,
      0.17735137045383453,
      0.004639775492250919,
      -0.0011547207832336426,
      -0.3642929196357727,
      -0.15056724846363068,
      -0.3646444082260132,
      -0.06961967051029205,
      1.8495351076126099,
      0.11237461119890213,
      0.28904348611831665,
      -0.0491102896630764,
      -0.15331265330314636,
      0.04066171497106552,
      0.1684880256652832,
      -0.027436524629592896
    ],
    [
      -0.0761067345738411,
      -0.2830958366394043,
      -0.06520628929138184,
      -0.20109006762504578,
      -0.07025890052318573,
      0.09646477550268173,
      0.15975534915924072,
      0.067982979118824,
      -0.059813015162944794,
      0.08661022782325745,
      -0.21050918102264404,
      0.13761326670646667,
      2.621311664581299,
      -0.19651047885417938,
      0.31126004457473755,
      -0.23434901237487793,
      -0.15072041749954224,
      0.0421203076839447,
      -0.043828099966049194,
      0.39945662021636963,
      -0.6235295534133911,
      0.026921186596155167,
      0.08121726661920547,
      -0.3209945559501648,
      -0.25921064615249634,
      -0.189741849899292,
      2.0544447898864746,
      -0.1021546721458435,
      0.4560534954071045,
      0.25669971108436584,
      -0.4422582983970642,
      -0.0465255081653595,
      -0.24023155868053436,
      0.041173942387104034,
      -0.016039719805121422,
      -1.1484990119934082,
      -0.7388866543769836,
      0.45801466703414917,
      0.08989322185516357,
      -0.05872669070959091,
      -0.06024137884378433,
      0.19323156774044037,
      -0.31491371989250183,
      -0.05046309530735016,
      -0.035293564200401306,
      0.5446275472640991,
      -1.1315627098083496,
      -0.12284150719642639,
      -0.4746432900428772,
      -0.11794231832027435,
      -0.044999897480010986,
      1.1867053508758545,
      0.899027407169342,
      0.74760901927948,
      -0.49704623222351074,
      0.0345926471054554,
      -3.4787302017211914,
      0.47584038972854614,
      -0.21789398789405823,
      -0.28168344497680664,
      0.044849321246147156,
      -0.4547223746776581,
      -0.1383480429649353,
      0.2707211673259735
    ],
    [
      0.0054212044924497604,
      0.013285443186759949,
      1.6224194765090942,
      0.16287299990653992,
      -0.0027491766959428787,
      0.16665492951869965,
      0.03446982055902481,
      -0.028354628011584282,
      -0.022638268768787384,
      0.04109751060605049,
      -0.003528684377670288,
      -0.026050664484500885,
      0.37852081656455994,
      0.08134322613477707,
      0.07134348154067993,
      0.15162137150764465,
      -0.1935294270515442,
      0.06312816590070724,
      -0.016454223543405533,
      0.35991594195365906,
      0.5245891809463501,
      0.006788782775402069,
      -0.021145708858966827,
      -0.0077090635895729065,
      0.09871649742126465,
      0.5223581790924072,
      -1.428366780281067,
      1.142500400543213,
      -4.230504035949707,
      -0.18183580040931702,
      0.07450830936431885,
      0.07636385411024094,
      -0.12682141363620758,
      0.025211088359355927,
      0.013458559289574623,
      -0.04625523090362549,
      -0.021818533539772034,
      -0.08240780234336853,
      -0.3736398220062256,
      -0.04537937045097351,
      0.023149915039539337,
      0.4009023904800415,
      -0.05547400563955307,
      0.06323632597923279,
      0.001200258731842041,
      0.037638530135154724,
      0.057098597288131714,
      0.0748196616768837,
      -0.2984488010406494,
      0.2637719511985779,
      -0.029432814568281174,
      0.0869414359331131,
      -0.0950905829668045,
      -0.1775851547718048,
      -0.07346341013908386,
      -0.1273188292980194,
      -0.2928186058998108,
      -0.06878738105297089,
      0.2822229266166687,
      0.03299210965633392,
      0.01879354566335678,
      -0.04652700573205948,
      0.011773530393838882,
      0.2595587968826294
    ],
    [
      0.0738511011004448,
      -0.08487268537282944,
      1.2084236145019531,
      0.5039226412773132,
      0.028000127524137497,
      0.1618369072675705,
      0.015280739404261112,
      -0.12031400948762894,
      -0.023755837231874466,
      -0.06808118522167206,
      -0.20840570330619812,
      0.009494955651462078,
      1.303680181503296,
      0.1407483071088791,
      0.0011102557182312012,
      0.03660576045513153,
      -0.18623316287994385,
      0.019333183765411377,
      -0.09784397482872009,
      0.6516692042350769,
      0.405851811170578,
      -0.024316493421792984,
      -0.02925211563706398,
      -0.033331695944070816,
      0.04461401700973511,
      0.3277263641357422,
      -1.1212270259857178,
      0.7092031836509705,
      -3.414522647857666,
      0.24389876425266266,
      -0.01814977079629898,
      0.13892862200737,
      -0.08658458292484283,
      0.011434264481067657,
      0.007284746039658785,
      -0.18809285759925842,
      -0.012936964631080627,
      -0.017947375774383545,
      -0.19598913192749023,
      0.04887603223323822,
      -0.08353345841169357,
      0.5777143836021423,
      0.015071451663970947,
      0.10363849997520447,
      0.0809381902217865,
      0.39372897148132324,
      -0.06286562979221344,
      0.16267168521881104,
      -0.36272335052490234,
      0.10864660143852234,
      0.06559504568576813,
      0.14709797501564026,
      0.2925839126110077,
      -0.014398900792002678,
      -0.22532545030117035,
      -0.13883522152900696,
      -3.1823060512542725,
      0.056770071387290955,
      0.2844032645225525,
      -0.017379365861415863,
      -0.15249231457710266,
      0.09658672660589218,
      0.01955351233482361,
      0.4058275818824768
    ],
    [
      -0.20454435050487518,
      0.38099753856658936,
      0.055953025817871094,
      -0.7943971753120422,
      -0.24308504164218903,
      0.04744645953178406,
      -0.26563262939453125,
      -0.22728589177131653,
      0.06587910652160645,
      0.45105451345443726,
      -0.3531864881515503,
      0.09456945210695267,
      1.4992730617523193,
      -0.2516310214996338,
      0.7923682332038879,
      -0.2969934642314911,
      -0.09577695280313492,
      0.016794174909591675,
      -0.20802253484725952,
      0.3803255558013916,
      -1.0213685035705566,
      -0.07600121200084686,
      0.1408900022506714,
      -0.19840002059936523,
      -0.14520645141601562,
      -0.05797240138053894,
      3.063251495361328,
      -1.4038666486740112,
      0.8488438129425049,
      0.6591582894325256,
      0.2767387628555298,
      0.06462157517671585,
      -0.03494154289364815,
      -0.04458241909742355,
      0.10068335384130478,
      -1.653100609779358,
      -0.6700372099876404,
      0.5357357263565063,
      -0.15609735250473022,
      -0.016630155965685844,
      0.1984805166721344,
      0.38900235295295715,
      0.12825608253479004,
      -0.2677215039730072,
      -0.4764590859413147,
      0.46945101022720337,
      -1.3909456729888916,
      -0.5425118207931519,
      -0.3259407877922058,
      -0.11951540410518646,
      0.029015447944402695,
      1.1565313339233398,
      0.890164315700531,
      0.7745005488395691,
      -0.6398431062698364,
      -0.6964080333709717,
      -1.522225260734558,
      0.6719433069229126,
      -0.7360013723373413,
      -0.31517210602760315,
      0.10466318577528,
      -0.19957932829856873,
      0.44234612584114075,
      -0.6529297232627869
    ],
    [
      0.04485921561717987,
      -0.28131890296936035,
      2.4000649452209473,
      -0.13960334658622742,
      0.017914388328790665,
      0.07998088002204895,
      0.09177567064762115,
      0.1254481077194214,
      -0.05877687782049179,
      -0.07182128727436066,
      -0.2595636248588562,
      -0.02684461697936058,
      -0.27486658096313477,
      -0.0010197460651397705,
      -1.2092208862304688,
      0.45091816782951355,
      -0.05428341031074524,
      -0.1323850452899933,
      -0.000991031527519226,
      0.3665079176425934,
      0.07499440014362335,
      -0.028800802305340767,
      -0.06084176152944565,
      -0.06424643844366074,
      0.895391583442688,
      0.3590523898601532,
      -0.5153005719184875,
      1.661242961883545,
      -3.7004880905151367,
      0.36301571130752563,
      -0.1564451903104782,
      0.04844523221254349,
      0.161823108792305,
      -0.253478467464447,
      -0.004930924624204636,
      -0.04012024402618408,
      -0.09198593348264694,
      0.07680824398994446,
      -0.9075438976287842,
      -0.05205319821834564,
      -0.21706712245941162,
      -0.5278357267379761,
      -0.13502344489097595,
      0.13138721883296967,
      0.012962177395820618,
      0.18340057134628296,
      -0.03228643536567688,
      -0.05436254292726517,
      0.7091343998908997,
      0.2646059989929199,
      -0.04383021220564842,
      0.11180973052978516,
      -0.5842256546020508,
      -0.2592206597328186,
      -0.21010847389698029,
      0.2935325801372528,
      1.921343445777893,
      -0.08327241241931915,
      0.48058539628982544,
      -0.06778743118047714,
      -0.02847360633313656,
      -0.14028385281562805,
      -0.037031158804893494,
      0.2759813070297241
    ]
  ],
  "cluster_info": {
    "Prototype_0": {
      "members": [
        8,
        9,
        10
      ],
      "count": 3,
      "avg_norm": 5.482401371002197,
      "centroid_norm": 5.479846477508545
    },
    "Prototype_1": {
      "members": [
        18,
        19
      ],
      "count": 2,
      "avg_norm": 5.722222328186035,
      "centroid_norm": 5.718841552734375
    },
    "Prototype_2": {
      "members": [
        11,
        12,
        13,
        14
      ],
      "count": 4,
      "avg_norm": 5.113786220550537,
      "centroid_norm": 5.069857120513916
    },
    "Prototype_3": {
      "members": [
        15,
        16,
        17
      ],
      "count": 3,
      "avg_norm": 5.483445644378662,
      "centroid_norm": 5.398569107055664
    },
    "Prototype_4": {
      "members": [
        20,
        21
      ],
      "count": 2,
      "avg_norm": 5.732439994812012,
      "centroid_norm": 5.708202838897705
    },
    "Prototype_5": {
      "members": [
        2,
        3,
        4,
        5,
        6,
        7
      ],
      "count": 6,
      "avg_norm": 5.6823554039001465,
      "centroid_norm": 5.672464847564697
    }
  },
  "inertias": {
    "2": 132.4142303466797,
    "3": 46.40749740600586,
    "4": 26.714815139770508,
    "5": 12.953102111816406,
    "6": 6.113883018493652,
    "7": 3.452746868133545,
    "8": 2.4535601139068604,
    "9": 1.8550583124160767,
    "10": 1.3004039525985718
  },
  "silhouettes": {
    "2": 0.6118611097335815,
    "3": 0.6407511830329895,
    "4": 0.6468547582626343,
    "5": 0.6847658753395081,
    "6": 0.7146379947662354,
    "7": 0.6729789972305298,
    "8": 0.6197424530982971,
    "9": 0.5832787156105042,
    "10": 0.5104955434799194
  }
}